Generation :561 type complet
 Fitness :380150
0.785721 0.4731 0.0404686 -0.488844 0.507499 -0.671451 0.416962 0.0984324 -0.560613 -0.974227 0.0624735 0.664007 -0.582925 0.363526 -0.453376 0.459332 0.888996 -0.150224 0.686408 0.526931 0.365793 0.187941 0.993272 0.432859 -0.115029 -0.516824 0.707372 -0.548512 -0.318763 0.0355787 0.0618403 0.925432 0.328809 -0.642258 -0.612976 -0.274219 -0.00814659 -0.652032 0.28002 0.260861 0.342341 0.935803 -0.454527 -0.885811 -0.609626 0.59724 0.63299 0.878717 0.65778 0.776399 -0.793142 0.668416 0.738644 -0.664184 0.823675 0.176002 0.871554 -0.0611742 0.98868 -0.895256 -0.54464 0.647441 -0.393138 -0.175683 -0.53049 0.839116 -0.6784 0.656994 0.833886 -0.100851 -0.230143 -0.810463 0.586486 0.246722 0.051537 -0.63662 -0.450608 -0.663451 0.715784 0.896165 0.269858 0.515842 -0.0564937 -0.25291 0.0129315 0.719669 0.848988 0.566058 -0.743118 0.669952 -0.118243 -0.312581 -0.444762 -0.912358 -0.644114 -0.584327 0.962182 0.173017 0.695013 -0.0259611 0.724257 0.979743 0.931542 -0.270168 0.447197 0.00531055 -0.215839 -0.520347 -0.574298 -0.74971 -0.628011 0.85113 -0.871202 -0.46793 -0.570477 -0.38883 -0.930963 0.430562 0.21136 -0.372898 0.489075 0.941941 -0.864987 -0.492404 0.99674 -0.590499 -0.778651 0.61412 0.971706 0.219916 0.405698 0.149227 0.24469 -0.414218 -0.862446 -0.527385 0.33704 0.667907 -0.474143 -0.278177 -0.465284 -0.933748 0.518083 -0.446122 0.0801132 -0.322266 0.929494 0.909965 0.700016 -0.221251 -0.0930167 -0.0472251 0.217802 -0.305684 0.258497 -0.289814 0.751707 0.631578 0.414982 0.519095 0.356981 -0.878672 0.116126 0.0686186 -0.500673 -0.328696 -0.803318 0.867186 -0.288345 0.753774 -0.961152 0.310541 -0.189298 0.0962345 -0.997577 0.260507 -0.102319 -0.559599 -0.0492153 -0.289837 0.487181 -0.00985591 -0.630365 -0.10773 -0.429958 -0.970805 -0.899265 0.641506 -0.267023 -0.506194 -0.746293 0.206044 -0.134892 0.171112 -0.728122 0.410111 -0.629723 -0.662824 -0.892615 -0.64564 0.300493 0.703642 0.603358 -0.0137259 -0.241441 -0.816148 0.453538 0.279836 -0.516076 -0.396025 -0.36962 0.864105 0.438196 -0.101271 -0.0308759 0.781543 0.591675 0.510504 0.238285 0.764329 0.63593 -0.0350428 0.611008 -0.247096 0.954653 0.499073 -0.0116616 0.249016 0.655729 -0.843022 0.9433 -0.767807 0.868244 -0.364906 0.984167 -0.669078 -0.133751 -0.650571 -0.416178 0.338019 0.623565 0.124509 -0.661487 -0.403004 0.94088 0.258636 0.0295427 -0.64307 0.360247 0.0969574 -0.223287 -0.497579 -0.138037 -0.345993 -0.280305 0.311389 0.879616 -0.616335 -0.551624 0.470303 0.471874 -0.730747 0.331025 -0.0982424 0.190296 0.939919 -0.329908 -0.831387 -0.0210181 -0.961844 -0.933672 -0.90005 -0.695633 -0.737795 0.972099 -0.651957 0.3296 -0.665449 0.866358 -0.803271 0.795186 0.142074 -0.298592 0.0675952 0.822771 -0.394064 -0.424682 0.114928 -0.112963 0.311687 -0.35236 -0.944683 -0.325679 0.426263 -0.137673 -0.340622 0.105432 -0.197646 0.163525 -0.541773 0.359766 -0.0744311 -0.00899889 -0.36604 -0.970031 0.376299 -0.216416 -0.63654 0.792299 0.397091 0.622079 0.602335 -0.261387 0.445325 -0.302384 0.231635 -0.0686518 0.80442 0.171249 0.0992124 -0.373047 0.518989 0.194277 0.752035 -0.070924 0.589702 0.585155 -0.133069 0.588732 0.528118 0.0790313 -0.863522 0.205214 0.693751 0.90283 0.604796 -0.414122 -0.114805 0.737434 -0.318613 0.12416 0.556918 0.0837729 -0.81198 0.929443 0.140767 -0.735023 -0.804378 0.68093 -0.825019 0.997081 -0.0411546 -0.288706 0.584211 0.816116 -0.540836 0.327493 0.526336 -0.454619 0.59401 