Generation :124 type complet
 Fitness :128390
-0.709685 0.725836 -0.0790171 0.991887 -0.593752 0.897473 0.762232 0.150256 0.48437 -0.659082 -0.504631 0.0400191 -0.0849321 -0.474556 -0.768639 -0.999506 0.178674 -0.132609 0.817323 -0.275433 0.543643 -0.293219 -0.577136 0.55553 0.242694 0.531006 -0.441838 0.223209 -0.64657 0.954123 -0.645146 0.485685 0.876067 -0.551864 0.275683 -0.575381 0.22765 -0.180814 0.102433 0.675451 -0.158987 -0.990685 -0.127505 0.578424 -0.387613 -0.133118 0.390881 -0.223798 0.840855 -0.00293138 0.760405 -0.0666735 -0.429428 -0.706377 0.10731 0.517923 -0.723632 -0.334422 -0.732992 -0.116714 0.929583 -0.00868832 -0.795724 0.953646 0.425835 0.927955 -0.580527 -0.366013 0.41079 0.966811 0.163279 -0.455891 0.654776 -0.677054 0.645179 0.703131 0.776452 -0.250385 -0.528279 0.57094 -0.520157 0.700856 0.728951 -0.877741 0.500631 0.771658 0.765923 0.144478 -0.818328 0.447897 0.691897 -0.284294 0.107966 -0.287172 0.254077 0.757147 0.593272 -0.541854 0.916866 0.859982 0.486854 -0.246942 -0.0668459 0.436335 0.823313 0.789615 -0.540302 0.792949 0.0109966 0.242272 0.307377 0.81658 -0.805987 0.536697 0.896897 -0.687925 0.991214 0.501853 0.545229 -0.251496 0.211726 0.358276 -0.576516 0.848511 -0.823525 0.121524 0.33776 0.582629 0.198652 -0.997881 -0.25389 -0.737806 -0.184925 -0.801099 0.658696 -0.339541 0.138053 0.726475 0.642308 0.810301 0.466003 -0.132977 -0.504028 0.0310698 0.189777 -0.19198 -0.811649 -0.0618109 -0.638725 -0.0304 -0.594465 -0.0621393 0.640201 -0.394167 0.426562 -0.97229 0.204912 -0.806229 0.462284 -0.23235 0.208518 -0.545584 0.291464 0.319165 0.0724156 -0.620112 0.802957 -0.911944 -0.146985 -0.54722 0.449525 -0.873807 -0.612343 -0.645223 0.367035 -0.759254 -0.712101 0.284427 0.500984 0.598276 0.262031 0.378865 -0.115201 -0.976182 -0.488147 0.201768 -0.523912 -0.104579 -0.582357 0.243081 0.919173 -0.836443 -0.285611 0.474399 0.327599 0.88697 -0.314587 0.630402 -0.330463 0.933174 0.760045 -0.548445 -0.106169 -0.138246 -0.465084 0.439602 -0.159303 0.106787 0.984459 0.00507728 -0.542436 -0.970119 -0.52127 -0.420156 0.960639 -0.948602 -0.839931 -0.655532 0.63711 -0.621826 0.68906 -0.767009 0.0487209 0.124564 0.873283 -0.501734 0.215675 -0.946977 -0.384411 -0.760486 0.303257 -0.834092 -0.464357 0.721208 0.304749 -0.182796 -0.986023 -0.991689 0.904706 0.0449798 -0.226508 0.490054 0.233326 0.848448 0.0100916 -0.643397 -0.281833 -0.468173 -0.187925 0.875993 0.626261 0.375247 -0.696636 0.820031 -0.516236 -0.0480586 -0.748551 -0.773819 0.0475924 -0.980824 0.364427 -0.862859 -0.688809 0.383521 -0.11988 -0.581569 -0.970584 0.200834 -0.839745 -0.511229 0.625449 -0.441265 -0.102879 -0.584432 0.27919 0.127685 -0.200894 -0.935613 -0.588561 0.785313 0.179252 -0.701587 0.376291 -0.0176536 -0.516806 0.406939 -0.170583 0.781147 -0.212479 -0.7695 -0.141112 0.570738 0.210543 0.322316 -0.926442 -0.242106 0.924335 0.144973 -0.871241 -0.213519 0.677067 0.544777 -0.224269 -0.418582 0.863186 0.032484 0.743562 0.204252 0.712582 -0.660647 0.789104 0.679143 0.775485 0.658457 -0.404834 -0.367837 0.356303 -0.00921889 -0.116909 -0.778229 -0.958649 -0.657089 -0.661331 -0.659062 -0.871246 0.687466 0.151052 -0.669448 0.114237 0.726561 -0.00909941 -0.862333 0.168624 0.301309 -0.609901 -0.214716 0.919748 0.106493 0.182182 -0.481307 -0.659872 -0.0389136 0.416866 0.292214 -0.3517 -0.0196755 0.995946 0.214956 0.323982 -0.658615 0.00158924 0.450442 -0.111202 -0.181304 0.875011 -0.911162 -0.261902 -0.247744 -0.558119 -0.165359 