Generation :1000 type Haut
 Fitness :439941
0.859222 -0.348654 -0.231152 -0.29705 0.376842 -0.229445 -0.828226 0.153967 0.596094 -0.125045 -0.337842 -0.563895 0.287941 0.157305 0.587891 -0.480903 -0.207562 -0.459235 0.252416 -0.874908 -0.298743 -0.716266 -0.26602 -0.648256 -0.58265 0.0808038 0.229612 -0.313095 -0.0313737 0.243474 -0.0244356 -0.647485 0.700973 0.536735 0.808298 0.874944 -0.0583454 -0.958209 -0.787423 -0.988951 -0.283192 0.31916 0.199036 -0.276149 -0.364113 0.936962 -0.0621523 0.434597 0.489313 -0.534418 -0.824002 -0.837493 0.322817 -0.432152 -0.582491 0.0631998 -0.79559 -0.132246 -0.775294 -0.877443 0.725433 0.312345 -0.490208 0.163081 -0.878472 0.284916 -0.145782 -0.592113 -0.0606655 -0.973079 -0.604247 0.905821 0.173161 0.87936 -0.255153 -0.742531 -0.164274 -0.196749 -0.738738 -0.795124 0.525123 -0.375105 -0.948824 0.872097 0.550419 -0.145628 -0.825297 0.273975 -0.059201 0.477911 -0.540368 0.347137 -0.80153 0.958695 0.523665 0.144693 -0.594663 0.535971 0.572851 0.309707 0.545656 0.199324 -0.932173 0.073949 -0.264191 -0.448263 -0.0679407 0.79091 0.508646 -0.689919 0.293527 0.305833 -0.410034 -0.269653 0.0946174 -0.35832 -0.850808 0.894718 -0.229511 -0.0616846 0.562029 -0.254772 -0.9874 0.20202 0.311664 0.174324 0.967832 -0.87254 -0.901849 -0.348705 0.151473 -0.801846 -0.725592 0.862626 0.320531 -0.645044 -0.0937397 0.229697 -0.950796 0.0409673 -0.517683 0.73319 -0.670614 -0.067185 0.0625303 0.372903 -0.76344 0.465033 -0.42185 0.254101 -0.185181 -0.318415 0.383835 0.763165 -0.284668 -0.690035 0.931804 -0.578643 -0.86448 0.152742 0.77988 -0.256814 0.360261 0.69956 0.0880136 -0.486457 -0.331183 -0.661112 0.510028 -0.31559 0.376129 -0.0684188 0.934549 -0.311591 0.740139 0.64622 0.59031 0.401433 0.965883 -0.618362 -0.855232 0.147856 -0.354034 0.807622 0.815628 -0.833715 0.910171 -0.287962 0.00753905 0.886518 -0.539896 -0.546285 -0.111512 -0.280198 -0.702866 0.0473798 -0.0656897 -0.0400524 -0.829734 -0.188019 0.908331 0.490502 0.428079 0.136625 0.371926 -0.116599 0.240889 0.896287 0.767977 0.810605 -0.301669 -0.331945 0.368131 -0.130291 -0.0575166 -0.129146 0.434259 -0.864416 -0.373122 -0.110654 0.469798 0.191587 0.160454 -0.360842 -0.0647994 -0.681473 0.610502 -0.0710183 -0.0520849 0.489211 0.569823 0.071345 0.281526 0.925461 -0.633103 -0.619266 -0.39511 -0.668607 0.135063 0.954128 0.664079 0.203039 -0.900627 -0.839509 -0.371903 0.244094 0.0316462 0.193181 0.571688 0.876 -0.609122 0.628732 0.939422 -0.379183 0.643229 -0.766689 0.398017 -0.00459423 0.568403 -0.25063 -0.28547 0.248896 0.283762 0.707198 0.454784 0.588022 0.646425 -0.148426 -0.0212132 -0.393809 -0.693352 0.0285982 -0.969395 -0.126491 0.467967 0.132606 0.484647 0.880185 0.856291 0.982845 0.521905 0.179819 0.318677 -0.806676 0.808125 0.204436 0.252126 -0.326867 -0.834155 -0.0897373 -0.756079 0.336884 0.357978 -0.943157 -0.095678 0.648295 -0.734506 0.626239 -0.422264 0.515159 0.30278 0.204005 0.730577 0.108802 -0.361585 -0.924739 0.503989 0.278581 -0.990839 0.302381 0.288786 -0.587001 -0.129059 -0.182515 -0.104953 0.422583 0.209335 0.914419 0.314262 0.994484 -0.459773 0.912211 0.494817 -0.982161 0.75005 0.379577 0.0966443 -0.154775 0.189593 -0.3672 0.916042 -0.418875 -0.539995 -0.00502355 0.886467 0.0905788 0.40463 -0.88108 -0.0614462 0.611625 0.834897 0.567677 -0.551367 -0.353634 0.351426 -0.830621 -0.564462 0.773735 0.790312 0.567894 -0.182016 -0.55622 0.27459 -0.415773 -0.825833 -0.146579 0.0371843 -0.829375 -0.253308 0.293195 