Generation :101 type Haut
 Fitness :197470
0.738678 -0.904585 -0.969334 0.09428 0.289928 -0.284166 -0.938187 0.725794 -0.102881 0.252766 0.725965 0.61135 0.666928 0.793093 0.524916 -0.45051 -0.93879 0.905686 0.465534 0.793759 -0.893675 -0.871609 0.333694 0.96778 0.0713798 -0.49848 0.350166 0.989347 0.228957 -0.215058 0.825852 -0.140009 -0.61491 0.585807 -0.979848 0.277767 -0.212953 0.236247 0.196303 0.313607 0.38688 0.25063 -0.673217 -0.50147 0.833191 0.481941 -0.592329 -0.782732 -0.107579 0.96314 0.927861 -0.0187612 0.990096 0.756218 -0.376233 0.695663 0.0599451 0.432423 0.74509 0.285371 0.61915 0.428071 -0.962533 -0.771638 -0.711414 -0.608231 -0.570525 -0.612126 -0.130222 -0.439381 -0.424087 -0.949171 -0.453372 -0.440454 -0.135892 -0.53956 0.173328 0.199334 -0.0109255 -0.368806 -0.441079 -0.376479 0.494815 0.517864 -0.572922 0.805481 0.958595 -0.79795 -0.588256 0.944999 0.658938 -0.796932 0.945857 -0.721674 -0.189459 -0.935362 -0.000185811 -0.21588 0.950215 -0.482156 0.541007 -0.803835 0.864295 -0.979312 -0.283588 -0.506555 -0.37302 0.165551 0.327437 -0.00320885 -0.452264 -0.983056 -0.423515 -0.528716 -0.52738 0.486342 -0.399429 -0.745505 -0.295666 -0.87081 -0.220699 -0.408984 0.280539 0.0900209 0.937537 -0.688342 0.814249 0.839779 -0.805414 -0.411513 -0.640505 -0.0617414 0.115927 0.844761 0.700255 0.431678 0.371311 0.141311 -0.749594 -0.674013 -0.77912 0.610179 0.639502 -0.82212 0.72449 0.0410482 -0.855968 0.0729633 0.765824 -0.833104 0.921081 0.559484 0.782239 -0.492081 -0.935191 0.709883 0.432857 0.936204 0.958029 -0.760236 0.942197 0.630342 -0.616211 -0.592906 0.459023 0.129278 0.341245 -0.73603 0.157095 0.223444 -0.442745 0.3422 0.415467 0.0328721 0.556746 0.612126 0.753877 -0.00356155 -0.0639436 0.136164 -0.0817863 -0.297715 0.699061 -0.549648 -0.67345 -0.359768 -0.771598 0.930519 -0.838439 0.475995 0.384988 0.951676 0.470245 0.509321 -0.720684 0.618212 -0.34272 0.439418 0.339037 0.0371869 0.0929014 0.962197 0.614299 0.933009 0.382496 -0.196402 0.74685 -0.927458 0.898767 0.516576 -0.581958 0.727591 0.24829 -0.143369 0.177431 -0.504034 -0.569174 -0.424976 0.477362 -0.0446349 0.0211516 0.33527 0.795428 0.966876 0.0649813 -0.573795 -0.82606 0.170134 -0.404193 0.0995256 -0.0984813 -0.0141084 0.570883 0.567335 0.983437 -0.19113 0.615949 0.803126 -0.207274 -0.293231 -0.247943 0.313379 0.250844 -0.935337 0.0146149 -0.23539 0.0331444 -0.626813 0.497328 0.588266 0.737675 0.451155 0.770912 -0.847606 -0.25003 0.435947 0.791586 0.173387 0.164669 -0.905479 -0.0819077 0.203026 0.356058 -0.157003 -0.302231 0.991338 0.267076 0.468995 0.743159 0.866929 0.30266 -0.0132755 0.030379 -0.177308 0.702364 0.504073 0.830712 -0.379081 0.953748 -0.921959 0.647381 -0.520115 0.393531 -0.0804025 0.222075 -0.998237 0.366747 0.272403 -0.291537 -0.748651 -0.677692 0.482152 -0.652707 0.149531 0.48024 -0.900461 0.254004 0.515245 -0.250251 -0.467944 -0.225556 0.280864 0.128748 0.726391 0.267721 0.951405 0.205701 -0.00701275 0.803311 -0.683843 0.0996527 0.457392 0.651014 -0.333018 -0.870748 0.317664 -0.865233 -0.0191397 0.853877 0.675763 0.702733 0.698904 -0.026655 -0.713486 0.827361 -0.17434 0.502154 -0.75401 -0.0142797 -0.697194 0.022808 -0.481461 0.393169 -0.690094 0.0648713 -0.22235 0.42608 -0.424762 -0.267883 0.457068 0.776951 0.636187 -0.850492 0.0873786 0.167696 0.370945 -0.670666 0.0385264 -0.994588 0.752081 -0.904537 0.292812 0.809227 0.453987 -0.0035954 0.275541 0.614365 0.66031 -0.551559 0.715501
