Generation :89 type Haut
 Fitness :73514
0.214555 -0.0484456 -0.435588 -0.473373 0.675135 0.449286 -0.789405 -0.747983 -0.99195 -0.919383 -0.553931 -0.554426 0.975924 -0.761319 -0.15174 -0.62042 -0.932651 0.360554 -0.885907 -0.286745 0.985892 -0.646292 -0.477242 -0.330489 0.772618 0.923992 0.549526 -0.115451 -0.489567 0.839618 0.817736 0.0910945 0.126634 -0.701694 0.0741631 -0.313946 -0.685338 -0.463932 -0.0965831 -0.0367035 0.412734 0.785285 -0.0849685 0.854679 0.801214 0.936971 -0.339159 0.597582 0.829687 -0.756588 -0.796708 0.0474388 -0.96421 0.09795 0.453385 0.810261 -0.0289898 -0.53686 -0.358794 0.333584 -0.667628 0.322013 -0.735596 0.9078 0.953639 -0.726336 -0.00602741 -0.178787 -0.741853 -0.442732 -0.156632 0.59656 -0.894682 0.89104 0.65484 0.491386 0.100314 -0.619019 0.364064 0.690666 0.746488 0.686041 -0.0196034 0.386096 0.53433 0.00432674 -0.168186 -0.300329 -0.255725 0.797903 0.495092 0.910889 -0.789924 -0.320063 -0.654087 0.420332 -0.831837 0.503986 0.609316 0.00363863 -0.717805 -0.70987 0.0359593 0.2674 -0.742416 0.895043 -0.634806 0.944432 0.0476467 0.53005 -0.649803 -0.504555 -0.205358 -0.285256 -0.106604 -0.0949038 0.67829 7.39834e-05 0.663013 0.898723 -0.967277 0.619245 0.468566 0.491495 0.139486 0.88206 0.744836 -0.747256 0.281263 -0.979961 -0.0647584 0.762118 -0.640785 -0.540292 -0.113707 -0.8521 -0.844586 -0.556398 0.708551 -0.0621744 0.460378 -0.272865 0.699018 -0.495389 0.815689 0.653152 0.686163 0.62975 -0.507721 -0.611998 0.444444 -0.19326 0.335876 -0.231114 -0.334516 0.550973 0.289111 0.366212 0.838781 -0.0315871 -0.334231 0.733794 -0.734801 0.242183 0.3225 -0.845177 0.306853 -0.372738 0.813037 -0.286935 0.471638 -0.928377 -0.878918 -0.257153 0.289632 0.676585 -0.754072 0.226643 0.166245 -0.894371 0.648816 -0.155187 -0.39996 0.621034 -0.758169 0.511009 0.838271 -0.0745565 -0.871975 -0.038591 -0.2248 -0.286281 -0.497204 -0.206828 -0.794923 -0.481812 0.596088 0.654429 0.034423 -0.312191 -0.468738 0.902794 -0.426948 -0.0174156 -0.2055 0.586981 -0.173266 0.0129629 0.785679 0.249073 -0.503622 -0.643736 -0.959589 0.735463 0.873076 -0.728017 -0.523792 0.890576 0.120019 0.724361 -0.556728 -0.00330678 0.669543 0.181251 0.918428 -0.268206 0.740929 0.819058 0.997051 0.998758 