Generation :25 type complet
 Fitness :76625
0.602166 0.709395 0.0889109 -0.393761 0.60538 0.020192 -0.353922 0.609076 -0.0331836 0.855628 0.103526 0.774268 0.298097 0.219795 -0.475587 -0.279566 -0.985642 -0.34694 -0.0243091 0.914441 0.7351 -0.256106 -0.387146 0.736488 0.373956 -0.758267 -0.430517 -0.651511 -0.498407 -0.254098 0.528677 -0.773056 -0.994515 -0.215004 -0.839582 -0.930798 -0.671716 -0.272312 0.0862481 -0.778723 0.0800669 0.0870093 0.869735 0.455579 0.38145 0.346026 -0.312702 0.42546 -0.180923 -0.318711 0.658031 -0.739372 -0.254688 0.0239187 0.734583 -0.798779 0.718861 -0.963632 -0.787266 0.584349 0.0873413 0.545487 0.946622 -0.465712 -0.0107572 -0.955145 0.147709 -0.903755 -0.444139 0.969961 -0.158677 0.295346 -0.00645379 -0.45194 -0.802187 -0.453861 -0.502539 0.843103 0.684966 -0.931679 -0.34774 0.653401 0.259116 0.189854 -0.371531 -0.977042 0.421105 -0.244726 -0.914884 0.94495 0.993394 -0.108925 -0.800345 -0.590382 0.745355 -0.955936 -0.829542 0.866457 -0.408257 -0.613911 -0.971144 0.480039 -0.78858 -0.00697943 0.0563843 -0.54233 -0.811251 -0.0504941 -0.652507 -0.551909 -0.609334 0.0816684 0.747407 0.278578 -0.946589 0.972677 -0.000583561 -0.218689 0.809527 0.104056 -0.507624 0.449383 -0.610415 0.624169 -0.170415 0.302327 -0.450232 -0.00419348 0.852676 0.772913 -0.242307 0.0275167 0.695238 -0.323009 0.280898 0.230391 0.0445754 -0.557462 0.508676 0.326548 0.315737 -0.736865 -0.71077 0.22138 -0.575928 0.156594 0.90933 0.408685 0.348699 -0.395058 0.6941 0.135546 0.518696 0.689633 -0.776901 -0.105015 -0.658239 0.569157 -0.958892 0.438618 -0.769738 0.186486 0.124434 0.300105 0.3139 -0.475918 -0.762791 -0.320763 -0.437606 0.865076 -0.039047 0.419221 -0.117215 0.979659 -0.102939 0.716859 0.862578 0.302999 0.801853 -0.441303 0.100814 0.676712 -0.679222 0.896604 0.145424 0.200189 -0.801162 0.180979 0.0939947 0.79254 -0.0110779 -0.603714 0.459171 0.392949 -0.979678 0.503774 -0.471662 0.221048 -0.229576 -0.588696 -0.0774815 0.770796 -0.0622015 0.242263 -0.900267 0.252288 -0.00694031 0.219838 0.460087 0.328508 0.195311 0.754118 -0.992409 -0.546573 -0.330784 0.658326 0.82815 -0.494506 0.366507 0.624289 0.517929 -0.256334 0.906042 0.387197 -0.681694 0.792591 -0.697246 -0.392936 0.247238 0.00488001 0.952317 -0.0562756 0.575047 -0.254829 -0.160168 -0.288346 0.0217219 0.790915 0.728671 0.918957 0.886316 0.211411 -0.738149 0.212132 -0.60346 0.184539 -0.773146 -0.261548 -0.179478 0.382724 0.268582 0.0838763 0.752991 -0.622321 0.743482 -0.773829 0.235801 -0.119886 -0.70295 -0.566646 0.820342 -0.566116 -0.269741 0.0133777 -0.949381 0.749304 -0.930417 -0.0808272 -0.795337 0.852054 -0.288305 -0.0182383 -0.684333 -0.250102 -0.626435 0.570132 0.811432 0.361374 -0.548799 -0.243739 0.437943 -0.0727445 -0.884403 0.529669 0.138377 -0.449414 -0.791496 -0.597036 -0.54924 -0.27521 0.134868 0.16133 0.610802 0.388797 -0.945698 -0.137432 0.568187 -0.722317 -0.605129 0.507384 0.258577 0.788998 0.113526 -0.03964 0.488501 -0.45728 0.863975 0.392127 0.255626 0.497181 -0.718505 -0.524551 0.312691 0.087615 0.683335 0.760487 0.0595847 -0.522888 0.752588 0.481549 0.774348 -0.0888999 -0.363796 -0.0507593 -0.12366 -0.166663 0.967913 -0.798863 -0.909827 -0.825934 -0.85061 0.342333 0.786819 0.647755 0.808968 -0.363859 -0.612661 -0.113597 -0.949645 0.00566393 0.672388 -0.744171 -0.622867 0.916995 -0.258403 0.904606 0.175222 0.701544 -0.133081 0.468572 0.7662 0.213186 0.87051 0.722154 0.459261 0.873236 0.536635 0.263841 0.945839 0.42104 