Generation :5 type Bas
 Fitness :275000
0.772912 -0.703583 -0.448575 0.993427 0.603285 -0.31155 0.279919 -0.419725 0.288476 -0.485138 -0.617782 -0.657424 0.750583 -0.831152 -0.800748 -0.492781 -0.850529 0.254063 0.702601 -0.74617 -0.841554 0.683668 -0.851585 -0.874609 -0.332464 0.3303 0.916405 0.15634 -0.445242 0.126476 -0.700342 0.423375 -0.827169 -0.293925 0.481242 -0.255701 0.832719 0.25546 -0.162438 0.971628 0.0075592 0.694132 -0.956894 0.00209075 -0.170603 -0.732503 -0.65153 -0.187632 0.601081 -0.352294 -0.215325 0.974685 0.470319 0.368673 -0.271404 -0.0696204 -0.332047 -0.422376 -0.917824 -0.517011 0.486424 -0.738881 0.913456 0.504782 0.89413 -0.608108 -0.536303 -0.135934 -0.99554 0.644431 0.912738 0.675468 0.477803 0.77115 0.0133545 0.0497078 -0.648149 0.859675 -0.138712 -0.218794 -0.897486 -0.130886 0.748673 -0.760835 0.450503 -0.0771422 -0.428247 0.791981 0.872474 0.533226 0.541097 -0.106638 -0.0492873 -0.232349 0.995737 -0.642926 -0.768959 -0.336381 -0.438078 0.153258 0.0806341 0.00572491 0.323217 -0.935972 0.0532776 0.804974 0.649449 -0.944911 0.408072 0.874341 0.330246 -0.656149 0.823429 -0.813199 0.217539 -0.325224 0.549524 -0.454421 0.187218 -0.146587 -0.24035 0.123432 -0.31641 -0.477482 0.366059 -0.219863 -0.808963 0.434252 -0.668465 -0.424255 0.667063 0.407745 -0.99756 -0.597925 -0.239938 0.755142 -0.809801 0.420089 0.200851 -0.651798 -0.627955 0.772552 0.0508866 -0.19855 -0.0982316 0.487572 -0.17467 -0.926535 -0.594975 0.968493 0.956017 0.695023 -0.476395 0.848719 -0.63267 -0.908664 0.48145 -0.680179 0.616682 0.546912 -0.404503 0.175054 -0.32108 0.496534 0.505996 0.202071 0.564637 -0.923352 0.0678692 0.0242573 -0.620776 -0.931125 -0.628268 0.0105014 0.059281 -0.00367665 -0.533179 -0.0694647 0.0199691 0.956964 -0.845822 0.878266 -0.572987 -0.484234 0.498542 0.777925 0.861044 -0.144312 0.775599 -0.381792 -0.375555 0.985544 0.842402 0.160935 -0.261053 -0.676301 -0.234868 0.397565 -0.974768 0.784997 0.0378838 0.849702 -0.569301 0.601217 -0.927008 -0.760079 0.331328 -0.274634 -0.149524 -0.299783 -0.892018 0.384538 0.359173 -0.860899 0.0218969 0.196698 0.491317 0.655105 -0.0702533 -0.165826 -0.522426 0.281065 -0.679369 0.489723 0.885351 -0.915712 -0.668259 0.306569 0.347581 0.826274 -0.543459 -0.334358 -0.659103 -0.883288 -0.503569 -0.33665 -0.0520198 -0.48779 -0.511399 0.209411 0.327121 0.221565 -0.104266 -0.648177 -0.0470963 -0.373907 0.888786 -0.121784 -0.0532029 -0.670671 -0.578393 -0.0130711 0.229782 0.258859 0.784356 -0.69273 0.681631 -0.679567 0.395843 -0.548656 0.951455 -0.740535 -0.891337 0.880101 0.0563642 0.88758 -0.699431 0.999696 -0.678214 0.989056 0.0924134 0.596386 0.0521998 0.500808 -0.310512 0.315192 0.515555 0.409182 0.95602 -0.409772 -0.64378 0.836733 -0.933133 -0.661161 -0.0419435 -0.882981 0.390735 -0.139128 -0.554964 -0.338843 -0.308691 0.762932 -0.448745 -0.248202 -0.42258 0.171591 0.356575 -0.960936 -0.536034 -0.189347 -0.0652584 -0.170755 0.394265 0.918088 0.484802 0.112307 0.999244 -0.364963 0.392308 0.212246 -0.0489183 0.36561 -0.458254 -0.383866 -0.559256 0.0837993 -0.851512 0.483486 0.118793 -0.379038 0.78644 0.288238 0.0438823 -0.643959 -0.121973 -0.986517 -0.514656 -0.174554 -0.425918 0.084291 0.353798 0.783267 0.0938396 -0.003856 0.313981 -0.0933653 0.271053 -0.780384 0.00550252 -0.964104 -0.480257 0.609343 0.966331 0.819791 0.41132 -0.187212 -0.569027 -0.613266 -0.970979 -0.755961 0.155624 -0.512542 0.875398 -0.425999 0.892823 0.830249 -0.209248 -0.0201263 -0.894921 -0.198195 