Generation :111 type complet
 Fitness :0
-0.995973 -0.985433 0.810446 -0.955749 -0.340993 0.266902 0.970566 -0.923206 0.857015 -0.784578 -0.49714 -0.413196 0.761738 0.376287 -0.0511177 -0.640516 0.188837 -0.432407 0.0614572 0.262408 -0.391171 -0.579874 -0.598221 -0.759223 0.615658 0.926425 0.347134 0.281368 -0.935331 -0.026668 -0.749537 0.0543517 -0.979589 0.646958 -0.430931 0.10713 0.962838 -0.843259 0.964658 0.763971 0.693903 0.0278972 -0.66924 -0.150318 -0.504355 0.142473 0.674826 0.0853955 -0.25779 -0.70245 0.600081 -0.322721 0.822537 0.125006 0.574621 -0.540895 0.993481 0.587554 0.421826 -0.0807413 0.475575 -0.787644 -0.825809 -0.59376 -0.0214626 -0.0581099 0.190107 -0.391961 0.276791 0.183766 0.86805 -0.634197 0.415049 0.908247 0.573785 -0.712563 -0.447261 -0.0543269 0.938474 0.909591 0.206093 0.975564 -0.0177597 0.148129 -0.688548 0.335533 -0.883662 0.286594 0.852601 -0.572767 0.591176 0.601732 0.995417 -0.0936583 -0.751668 0.701395 -0.637444 0.980543 -0.885316 -0.0156737 0.78467 -0.162078 -0.29348 -0.214358 0.274236 -0.739191 0.921452 0.335884 -0.477447 -0.61009 0.416675 0.117311 -0.308537 0.274334 -0.795465 -0.184482 0.302993 0.222192 -0.656991 0.751122 0.132752 -0.94625 0.442935 -0.578243 0.36926 -0.0944018 0.0508114 0.543288 0.658486 -0.527975 -0.239751 -0.582679 0.415699 0.199926 -0.31192 -0.0367023 -0.612342 -0.552816 0.588313 -0.49784 0.31127 0.465434 0.470963 -0.366391 -0.289335 0.0710558 -0.568653 0.546244 -0.430354 0.43905 -0.615036 -0.739131 -0.23637 0.154212 0.242346 0.383455 0.703689 -0.11271 -0.619876 -0.600777 -0.157099 0.463639 0.844326 -0.796905 -0.83057 0.137021 -0.368824 -0.248326 -0.115512 0.216243 0.877852 -0.979029 -0.740315 -0.458976 -0.350736 -0.861822 -0.401106 0.199938 0.278725 0.53171 -0.61685 -0.552385 -0.774467 0.340337 -0.389994 0.0192414 -0.687029 -0.784232 -0.229894 0.967574 0.120202 0.822349 0.460189 0.115401 -0.500398 -0.847192 -0.958428 -0.613804 0.98618 -0.421797 0.0400483 -0.781762 0.232261 0.0659751 0.0205794 -0.74038 -0.388136 0.195926 -0.800249 0.804565 -0.691849 -0.570202 0.805137 0.120324 -0.531759 0.587198 0.550405 -0.677164 0.830943 0.283233 0.741156 0.12698 -0.682732 0.656512 -0.858707 0.0664333 0.291595 0.0242385 0.87 -0.329933 -0.521214 0.239693 0.00991623 0.867462 -0.274441 0.406179 -0.593077 -0.942105 -0.915088 -0.229655 0.0421354 -0.536459 0.0885986 0.201638 -0.847134 -0.169925 -0.0283525 -0.579086 0.600637 0.570697 -0.793484 0.222888 -0.147454 0.567074 0.901648 0.281219 -0.436373 0.933649 0.933395 -0.616011 0.881259 0.970234 0.440895 0.664977 -0.60417 0.862929 -0.713424 0.714685 -0.524529 0.0117437 0.715445 -0.169631 0.108124 -0.14816 -0.985123 0.461985 0.66225 -0.30157 0.191221 0.227543 -0.335889 0.897688 -0.429273 0.0256768 0.143136 0.617074 -0.510127 0.472152 0.319477 0.558868 -0.168613 0.506536 0.466155 0.672629 0.844523 -0.627873 0.585114 0.00773 0.482402 -0.490353 0.529768 0.765132 -0.208528 -0.466774 0.139342 0.55655 0.874494 -0.872273 -0.158468 -0.176689 -0.463034 0.0158407 -0.643997 -0.247799 -0.177675 0.503786 -0.972016 -0.862244 0.999263 0.151768 0.772506 0.574594 0.955892 -0.0483883 0.292943 -0.336289 0.0816538 -0.247456 -0.954958 -0.121878 0.131602 0.247815 0.15671 -0.73795 0.397481 0.902623 0.439217 -0.284413 -0.661023 -0.961109 0.251613 -0.764549 0.936429 0.844912 -0.783374 -0.435597 0.156131 -0.0029707 -0.264676 0.0642578 0.0801266 0.158103 0.43615 -0.433677 0.8597 -0.451233 0.145054 -0.37737 -0.993495 0.652911 